0 1 48 9 11
1 2 27 4 7
2 2 14 4 15
3 3 54 6 8
4 4 28 6 11
5 5 33 2 16
6 6 36 1 1
7 7 63 6 12
8 8 38 8 11
9 9 47 4 3
10 12 50 5 16
11 12 48 6 20
12 14 63 3 7
13 14 32 6 4
14 14 36 7 14
15 17 62 6 18
16 18 60 4 20
17 21 62 4 18
18 21 30 6 17
19 22 36 3 1
20 23 60 7 15
21 23 62 4 13
22 23 69 4 7
23 24 63 7 4
24 24 68 7 4
25 24 51 5 7
26 25 61 10 13
27 25 76 9 4
28 28 78 7 1
29 28 73 1 5
30 29 45 10 2
31 31 38 1 5
32 31 55 9 3
33 32 64 9 7
34 32 54 3 17
35 33 54 4 5
36 35 57 6 7
37 36 54 5 1
38 36 67 6 15
39 36 45 9 2
40 37 62 4 15
41 37 51 2 18
42 38 66 10 12
43 39 88 3 16
44 40 59 3 13
45 40 74 9 3
46 40 78 4 7
47 42 79 7 2
48 43 93 3 7
49 44 68 5 2
50 49 90 8 19
51 49 62 3 15
52 51 57 4 6
53 51 91 5 18
54 53 59 4 8
55 53 63 6 2
56 53 105 10 4
57 55 91 10 16
58 56 85 3 8
59 56 103 2 6
60 56 80 2 1
61 58 71 8 8
62 58 78 8 9
63 60 62 2 13
64 60 95 7 11
65 61 106 9 3
66 64 83 1 8
67 67 92 7 6
68 68 103 9 1
69 69 75 3 9
70 70 119 10 16
71 72 77 1 9
72 73 114 1 19
73 75 120 2 11
74 76 111 5 7
75 77 122 4 9
76 78 103 6 2
77 79 96 10 13
78 79 89 5 10
79 79 122 7 1
80 80 105 7 14
81 80 109 6 12
82 80 129 5 9
83 81 98 2 17
84 81 90 4 2
85 84 93 9 20
86 85 102 4 4
87 85 102 10 7
88 87 124 1 10
89 87 107 7 7
90 91 128 3 16
91 93 109 3 10
92 94 101 1 9
93 94 96 2 7
94 95 137 3 1
95 96 112 4 1
96 97 142 7 15
97 99 136 10 13
98 100 131 4 4
99 100 119 8 13

